{
  "cells": [
    {
      "cell_type": "markdown",
      "metadata": {},
      "source": [
        "# Function 7 Analysis - Week 3\n",
        "\n",
        "This notebook contains the exploratory analysis for **Function 7** in Week 3. We now have **32 datapoints** (the original 30 plus the two new measurements) and keep iterating with Bayesian optimisation.\n",
        "\n",
        "**Function Description:** You're tasked with optimising an ML model by tuning six hyperparameters, for example learning rate, regularisation strength or number of hidden layers. The function you're maximising is the model's performance score (such as accuracy or F1), but since the relationship between inputs and output isn't known, it's treated as a black-box function. Because this is a commonly used model, you might benefit from researching best practices or literature to guide your initial search space. Your goal is to find the combination of hyperparameters that yields the highest possible performance.\n"
      ]
    },
    {
      "cell_type": "markdown",
      "metadata": {},
      "source": [
        "## Loading and Displaying the Data\n",
        "\n",
        "We load the inputs and outputs for function 7 and display them in a table format to inspect the raw data values. The best results still cluster around mid-range x6 (0.5–0.8) and avoid extreme values of x3, x4, and x5. The new point we tried sits in that “sensible” box and produced a modest positive uplift, reinforcing the idea that we should keep the GP on a tight leash whenever it proposes corner cases.\n"
      ]
    },
    {
      "cell_type": "code",
      "execution_count": null,
      "metadata": {},
      "outputs": [
        {
          "data": {
            "text/html": [
              "<div>\n",
              "<style scoped>\n",
              "    .dataframe tbody tr th:only-of-type {\n",
              "        vertical-align: middle;\n",
              "    }\n",
              "\n",
              "    .dataframe tbody tr th {\n",
              "        vertical-align: top;\n",
              "    }\n",
              "\n",
              "    .dataframe thead th {\n",
              "        text-align: right;\n",
              "    }\n",
              "</style>\n",
              "<table border=\"1\" class=\"dataframe\">\n",
              "  <thead>\n",
              "    <tr style=\"text-align: right;\">\n",
              "      <th></th>\n",
              "      <th>x1</th>\n",
              "      <th>x2</th>\n",
              "      <th>x3</th>\n",
              "      <th>x4</th>\n",
              "      <th>x5</th>\n",
              "      <th>x6</th>\n",
              "      <th>y</th>\n",
              "    </tr>\n",
              "  </thead>\n",
              "  <tbody>\n",
              "    <tr>\n",
              "      <th>0</th>\n",
              "      <td>0.272624</td>\n",
              "      <td>0.324495</td>\n",
              "      <td>0.897109</td>\n",
              "      <td>0.832951</td>\n",
              "      <td>0.154063</td>\n",
              "      <td>0.795864</td>\n",
              "      <td>0.604433</td>\n",
              "    </tr>\n",
              "    <tr>\n",
              "      <th>1</th>\n",
              "      <td>0.543003</td>\n",
              "      <td>0.924694</td>\n",
              "      <td>0.341567</td>\n",
              "      <td>0.646486</td>\n",
              "      <td>0.718440</td>\n",
              "      <td>0.343133</td>\n",
              "      <td>0.562753</td>\n",
              "    </tr>\n",
              "    <tr>\n",
              "      <th>2</th>\n",
              "      <td>0.090832</td>\n",
              "      <td>0.661529</td>\n",
              "      <td>0.065931</td>\n",
              "      <td>0.258577</td>\n",
              "      <td>0.963453</td>\n",
              "      <td>0.640265</td>\n",
              "      <td>0.007503</td>\n",
              "    </tr>\n",
              "    <tr>\n",
              "      <th>3</th>\n",
              "      <td>0.118867</td>\n",
              "      <td>0.615055</td>\n",
              "      <td>0.905816</td>\n",
              "      <td>0.855300</td>\n",
              "      <td>0.413631</td>\n",
              "      <td>0.585236</td>\n",
              "      <td>0.061424</td>\n",
              "    </tr>\n",
              "    <tr>\n",
              "      <th>4</th>\n",
              "      <td>0.630218</td>\n",
              "      <td>0.838097</td>\n",
              "      <td>0.680013</td>\n",
              "      <td>0.731895</td>\n",
              "      <td>0.526737</td>\n",
              "      <td>0.348429</td>\n",
              "      <td>0.273047</td>\n",
              "    </tr>\n",
              "    <tr>\n",
              "      <th>5</th>\n",
              "      <td>0.764919</td>\n",
              "      <td>0.255883</td>\n",
              "      <td>0.609084</td>\n",
              "      <td>0.218079</td>\n",
              "      <td>0.322943</td>\n",
              "      <td>0.095794</td>\n",
              "      <td>0.083747</td>\n",
              "    </tr>\n",
              "    <tr>\n",
              "      <th>6</th>\n",
              "      <td>0.057896</td>\n",
              "      <td>0.491672</td>\n",
              "      <td>0.247422</td>\n",
              "      <td>0.218118</td>\n",
              "      <td>0.420428</td>\n",
              "      <td>0.730970</td>\n",
              "      <td>1.364968</td>\n",
              "    </tr>\n",
              "    <tr>\n",
              "      <th>7</th>\n",
              "      <td>0.195252</td>\n",
              "      <td>0.079227</td>\n",
              "      <td>0.554580</td>\n",
              "      <td>0.170567</td>\n",
              "      <td>0.014944</td>\n",
              "      <td>0.107032</td>\n",
              "      <td>0.092645</td>\n",
              "    </tr>\n",
              "    <tr>\n",
              "      <th>8</th>\n",
              "      <td>0.642303</td>\n",
              "      <td>0.836875</td>\n",
              "      <td>0.021793</td>\n",
              "      <td>0.101488</td>\n",
              "      <td>0.683071</td>\n",
              "      <td>0.692416</td>\n",
              "      <td>0.017870</td>\n",
              "    </tr>\n",
              "    <tr>\n",
              "      <th>9</th>\n",
              "      <td>0.789943</td>\n",
              "      <td>0.195545</td>\n",
              "      <td>0.575623</td>\n",
              "      <td>0.073659</td>\n",
              "      <td>0.259049</td>\n",
              "      <td>0.051100</td>\n",
              "      <td>0.033565</td>\n",
              "    </tr>\n",
              "    <tr>\n",
              "      <th>10</th>\n",
              "      <td>0.528497</td>\n",
              "      <td>0.457424</td>\n",
              "      <td>0.360096</td>\n",
              "      <td>0.362046</td>\n",
              "      <td>0.816891</td>\n",
              "      <td>0.637476</td>\n",
              "      <td>0.073516</td>\n",
              "    </tr>\n",
              "    <tr>\n",
              "      <th>11</th>\n",
              "      <td>0.722615</td>\n",
              "      <td>0.011813</td>\n",
              "      <td>0.063646</td>\n",
              "      <td>0.165173</td>\n",
              "      <td>0.079244</td>\n",
              "      <td>0.359952</td>\n",
              "      <td>0.206310</td>\n",
              "    </tr>\n",
              "    <tr>\n",
              "      <th>12</th>\n",
              "      <td>0.075665</td>\n",
              "      <td>0.334502</td>\n",
              "      <td>0.132733</td>\n",
              "      <td>0.608312</td>\n",
              "      <td>0.918386</td>\n",
              "      <td>0.822331</td>\n",
              "      <td>0.008826</td>\n",
              "    </tr>\n",
              "    <tr>\n",
              "      <th>13</th>\n",
              "      <td>0.942451</td>\n",
              "      <td>0.377440</td>\n",
              "      <td>0.486122</td>\n",
              "      <td>0.228791</td>\n",
              "      <td>0.082632</td>\n",
              "      <td>0.711958</td>\n",
              "      <td>0.268400</td>\n",
              "    </tr>\n",
              "    <tr>\n",
              "      <th>14</th>\n",
              "      <td>0.148647</td>\n",
              "      <td>0.033943</td>\n",
              "      <td>0.728806</td>\n",
              "      <td>0.316066</td>\n",
              "      <td>0.021769</td>\n",
              "      <td>0.516918</td>\n",
              "      <td>0.611526</td>\n",
              "    </tr>\n",
              "    <tr>\n",
              "      <th>15</th>\n",
              "      <td>0.817112</td>\n",
              "      <td>0.548168</td>\n",
              "      <td>0.103348</td>\n",
              "      <td>0.124370</td>\n",
              "      <td>0.728235</td>\n",
              "      <td>0.449674</td>\n",
              "      <td>0.014798</td>\n",
              "    </tr>\n",
              "    <tr>\n",
              "      <th>16</th>\n",
              "      <td>0.417626</td>\n",
              "      <td>0.064100</td>\n",
              "      <td>0.245669</td>\n",
              "      <td>0.559041</td>\n",
              "      <td>0.191531</td>\n",
              "      <td>0.254641</td>\n",
              "      <td>0.274893</td>\n",
              "    </tr>\n",
              "    <tr>\n",
              "      <th>17</th>\n",
              "      <td>0.726286</td>\n",
              "      <td>0.464896</td>\n",
              "      <td>0.924571</td>\n",
              "      <td>0.807245</td>\n",
              "      <td>0.635438</td>\n",
              "      <td>0.143418</td>\n",
              "      <td>0.066763</td>\n",
              "    </tr>\n",
              "    <tr>\n",
              "      <th>18</th>\n",
              "      <td>0.319810</td>\n",
              "      <td>0.520098</td>\n",
              "      <td>0.290678</td>\n",
              "      <td>0.876707</td>\n",
              "      <td>0.495035</td>\n",
              "      <td>0.619082</td>\n",
              "      <td>0.042118</td>\n",
              "    </tr>\n",
              "    <tr>\n",
              "      <th>19</th>\n",
              "      <td>0.879871</td>\n",
              "      <td>0.397962</td>\n",
              "      <td>0.003635</td>\n",
              "      <td>0.956991</td>\n",
              "      <td>0.264514</td>\n",
              "      <td>0.114869</td>\n",
              "      <td>0.002701</td>\n",
              "    </tr>\n",
              "    <tr>\n",
              "      <th>20</th>\n",
              "      <td>0.541241</td>\n",
              "      <td>0.631403</td>\n",
              "      <td>0.031902</td>\n",
              "      <td>0.449982</td>\n",
              "      <td>0.798653</td>\n",
              "      <td>0.633704</td>\n",
              "      <td>0.018209</td>\n",
              "    </tr>\n",
              "    <tr>\n",
              "      <th>21</th>\n",
              "      <td>0.226348</td>\n",
              "      <td>0.115026</td>\n",
              "      <td>0.824750</td>\n",
              "      <td>0.945384</td>\n",
              "      <td>0.905312</td>\n",
              "      <td>0.951014</td>\n",
              "      <td>0.007016</td>\n",
              "    </tr>\n",
              "    <tr>\n",
              "      <th>22</th>\n",
              "      <td>0.686853</td>\n",
              "      <td>0.041017</td>\n",
              "      <td>0.007573</td>\n",
              "      <td>0.285009</td>\n",
              "      <td>0.691568</td>\n",
              "      <td>0.655543</td>\n",
              "      <td>0.100507</td>\n",
              "    </tr>\n",
              "    <tr>\n",
              "      <th>23</th>\n",
              "      <td>0.175978</td>\n",
              "      <td>0.624416</td>\n",
              "      <td>0.295542</td>\n",
              "      <td>0.469553</td>\n",
              "      <td>0.097770</td>\n",
              "      <td>0.728141</td>\n",
              "      <td>0.475396</td>\n",
              "    </tr>\n",
              "    <tr>\n",
              "      <th>24</th>\n",
              "      <td>0.881647</td>\n",
              "      <td>0.204450</td>\n",
              "      <td>0.414474</td>\n",
              "      <td>0.420385</td>\n",
              "      <td>0.264915</td>\n",
              "      <td>0.730660</td>\n",
              "      <td>0.675142</td>\n",
              "    </tr>\n",
              "    <tr>\n",
              "      <th>25</th>\n",
              "      <td>0.066611</td>\n",
              "      <td>0.528045</td>\n",
              "      <td>0.816095</td>\n",
              "      <td>0.961017</td>\n",
              "      <td>0.086509</td>\n",
              "      <td>0.777788</td>\n",
              "      <td>0.516457</td>\n",
              "    </tr>\n",
              "    <tr>\n",
              "      <th>26</th>\n",
              "      <td>0.932466</td>\n",
              "      <td>0.488812</td>\n",
              "      <td>0.258608</td>\n",
              "      <td>0.956243</td>\n",
              "      <td>0.190428</td>\n",
              "      <td>0.519852</td>\n",
              "      <td>0.003777</td>\n",
              "    </tr>\n",
              "    <tr>\n",
              "      <th>27</th>\n",
              "      <td>0.846867</td>\n",
              "      <td>0.142429</td>\n",
              "      <td>0.060669</td>\n",
              "      <td>0.756292</td>\n",
              "      <td>0.552398</td>\n",
              "      <td>0.081306</td>\n",
              "      <td>0.003134</td>\n",
              "    </tr>\n",
              "    <tr>\n",
              "      <th>28</th>\n",
              "      <td>0.806282</td>\n",
              "      <td>0.324122</td>\n",
              "      <td>0.726076</td>\n",
              "      <td>0.148712</td>\n",
              "      <td>0.719376</td>\n",
              "      <td>0.362884</td>\n",
              "      <td>0.021343</td>\n",
              "    </tr>\n",
              "    <tr>\n",
              "      <th>29</th>\n",
              "      <td>0.476823</td>\n",
              "      <td>0.340942</td>\n",
              "      <td>0.014335</td>\n",
              "      <td>0.880140</td>\n",
              "      <td>0.998655</td>\n",
              "      <td>0.079664</td>\n",
              "      <td>0.095411</td>\n",
              "    </tr>\n",
              "    <tr>\n",
              "      <th>30</th>\n",
              "      <td>0.800000</td>\n",
              "      <td>0.800000</td>\n",
              "      <td>0.800000</td>\n",
              "      <td>0.830000</td>\n",
              "      <td>0.450000</td>\n",
              "      <td>0.700000</td>\n",
              "      <td>0.034500</td>\n",
              "    </tr>\n",
              "    <tr>\n",
              "      <th>31</th>\n",
              "      <td>0.100000</td>\n",
              "      <td>0.100000</td>\n",
              "      <td>0.950000</td>\n",
              "      <td>0.200000</td>\n",
              "      <td>0.360000</td>\n",
              "      <td>0.800000</td>\n",
              "      <td>1.313800</td>\n",
              "    </tr>\n",
              "  </tbody>\n",
              "</table>\n",
              "</div>"
            ],
            "text/plain": [
              "          x1        x2        x3        x4        x5        x6         y\n",
              "0   0.272624  0.324495  0.897109  0.832951  0.154063  0.795864  0.604433\n",
              "1   0.543003  0.924694  0.341567  0.646486  0.718440  0.343133  0.562753\n",
              "2   0.090832  0.661529  0.065931  0.258577  0.963453  0.640265  0.007503\n",
              "3   0.118867  0.615055  0.905816  0.855300  0.413631  0.585236  0.061424\n",
              "4   0.630218  0.838097  0.680013  0.731895  0.526737  0.348429  0.273047\n",
              "5   0.764919  0.255883  0.609084  0.218079  0.322943  0.095794  0.083747\n",
              "6   0.057896  0.491672  0.247422  0.218118  0.420428  0.730970  1.364968\n",
              "7   0.195252  0.079227  0.554580  0.170567  0.014944  0.107032  0.092645\n",
              "8   0.642303  0.836875  0.021793  0.101488  0.683071  0.692416  0.017870\n",
              "9   0.789943  0.195545  0.575623  0.073659  0.259049  0.051100  0.033565\n",
              "10  0.528497  0.457424  0.360096  0.362046  0.816891  0.637476  0.073516\n",
              "11  0.722615  0.011813  0.063646  0.165173  0.079244  0.359952  0.206310\n",
              "12  0.075665  0.334502  0.132733  0.608312  0.918386  0.822331  0.008826\n",
              "13  0.942451  0.377440  0.486122  0.228791  0.082632  0.711958  0.268400\n",
              "14  0.148647  0.033943  0.728806  0.316066  0.021769  0.516918  0.611526\n",
              "15  0.817112  0.548168  0.103348  0.124370  0.728235  0.449674  0.014798\n",
              "16  0.417626  0.064100  0.245669  0.559041  0.191531  0.254641  0.274893\n",
              "17  0.726286  0.464896  0.924571  0.807245  0.635438  0.143418  0.066763\n",
              "18  0.319810  0.520098  0.290678  0.876707  0.495035  0.619082  0.042118\n",
              "19  0.879871  0.397962  0.003635  0.956991  0.264514  0.114869  0.002701\n",
              "20  0.541241  0.631403  0.031902  0.449982  0.798653  0.633704  0.018209\n",
              "21  0.226348  0.115026  0.824750  0.945384  0.905312  0.951014  0.007016\n",
              "22  0.686853  0.041017  0.007573  0.285009  0.691568  0.655543  0.100507\n",
              "23  0.175978  0.624416  0.295542  0.469553  0.097770  0.728141  0.475396\n",
              "24  0.881647  0.204450  0.414474  0.420385  0.264915  0.730660  0.675142\n",
              "25  0.066611  0.528045  0.816095  0.961017  0.086509  0.777788  0.516457\n",
              "26  0.932466  0.488812  0.258608  0.956243  0.190428  0.519852  0.003777\n",
              "27  0.846867  0.142429  0.060669  0.756292  0.552398  0.081306  0.003134\n",
              "28  0.806282  0.324122  0.726076  0.148712  0.719376  0.362884  0.021343\n",
              "29  0.476823  0.340942  0.014335  0.880140  0.998655  0.079664  0.095411\n",
              "30  0.800000  0.800000  0.800000  0.830000  0.450000  0.700000  0.034500\n",
              "31  0.100000  0.100000  0.950000  0.200000  0.360000  0.800000  1.313800"
            ]
          },
          "metadata": {},
          "output_type": "display_data"
        },
        {
          "name": "stdout",
          "output_type": "stream",
          "text": [
            "df sorted by y\n"
          ]
        },
        {
          "data": {
            "text/html": [
              "<div>\n",
              "<style scoped>\n",
              "    .dataframe tbody tr th:only-of-type {\n",
              "        vertical-align: middle;\n",
              "    }\n",
              "\n",
              "    .dataframe tbody tr th {\n",
              "        vertical-align: top;\n",
              "    }\n",
              "\n",
              "    .dataframe thead th {\n",
              "        text-align: right;\n",
              "    }\n",
              "</style>\n",
              "<table border=\"1\" class=\"dataframe\">\n",
              "  <thead>\n",
              "    <tr style=\"text-align: right;\">\n",
              "      <th></th>\n",
              "      <th>x1</th>\n",
              "      <th>x2</th>\n",
              "      <th>x3</th>\n",
              "      <th>x4</th>\n",
              "      <th>x5</th>\n",
              "      <th>x6</th>\n",
              "      <th>y</th>\n",
              "      <th>x_avg</th>\n",
              "    </tr>\n",
              "  </thead>\n",
              "  <tbody>\n",
              "    <tr>\n",
              "      <th>0</th>\n",
              "      <td>0.057896</td>\n",
              "      <td>0.491672</td>\n",
              "      <td>0.247422</td>\n",
              "      <td>0.218118</td>\n",
              "      <td>0.420428</td>\n",
              "      <td>0.730970</td>\n",
              "      <td>1.364968</td>\n",
              "      <td>0.361084</td>\n",
              "    </tr>\n",
              "    <tr>\n",
              "      <th>1</th>\n",
              "      <td>0.100000</td>\n",
              "      <td>0.100000</td>\n",
              "      <td>0.950000</td>\n",
              "      <td>0.200000</td>\n",
              "      <td>0.360000</td>\n",
              "      <td>0.800000</td>\n",
              "      <td>1.313800</td>\n",
              "      <td>0.418333</td>\n",
              "    </tr>\n",
              "    <tr>\n",
              "      <th>2</th>\n",
              "      <td>0.881647</td>\n",
              "      <td>0.204450</td>\n",
              "      <td>0.414474</td>\n",
              "      <td>0.420385</td>\n",
              "      <td>0.264915</td>\n",
              "      <td>0.730660</td>\n",
              "      <td>0.675142</td>\n",
              "      <td>0.486089</td>\n",
              "    </tr>\n",
              "    <tr>\n",
              "      <th>3</th>\n",
              "      <td>0.148647</td>\n",
              "      <td>0.033943</td>\n",
              "      <td>0.728806</td>\n",
              "      <td>0.316066</td>\n",
              "      <td>0.021769</td>\n",
              "      <td>0.516918</td>\n",
              "      <td>0.611526</td>\n",
              "      <td>0.294358</td>\n",
              "    </tr>\n",
              "    <tr>\n",
              "      <th>4</th>\n",
              "      <td>0.272624</td>\n",
              "      <td>0.324495</td>\n",
              "      <td>0.897109</td>\n",
              "      <td>0.832951</td>\n",
              "      <td>0.154063</td>\n",
              "      <td>0.795864</td>\n",
              "      <td>0.604433</td>\n",
              "      <td>0.546184</td>\n",
              "    </tr>\n",
              "    <tr>\n",
              "      <th>5</th>\n",
              "      <td>0.543003</td>\n",
              "      <td>0.924694</td>\n",
              "      <td>0.341567</td>\n",
              "      <td>0.646486</td>\n",
              "      <td>0.718440</td>\n",
              "      <td>0.343133</td>\n",
              "      <td>0.562753</td>\n",
              "      <td>0.586220</td>\n",
              "    </tr>\n",
              "    <tr>\n",
              "      <th>6</th>\n",
              "      <td>0.066611</td>\n",
              "      <td>0.528045</td>\n",
              "      <td>0.816095</td>\n",
              "      <td>0.961017</td>\n",
              "      <td>0.086509</td>\n",
              "      <td>0.777788</td>\n",
              "      <td>0.516457</td>\n",
              "      <td>0.539344</td>\n",
              "    </tr>\n",
              "    <tr>\n",
              "      <th>7</th>\n",
              "      <td>0.175978</td>\n",
              "      <td>0.624416</td>\n",
              "      <td>0.295542</td>\n",
              "      <td>0.469553</td>\n",
              "      <td>0.097770</td>\n",
              "      <td>0.728141</td>\n",
              "      <td>0.475396</td>\n",
              "      <td>0.398567</td>\n",
              "    </tr>\n",
              "    <tr>\n",
              "      <th>8</th>\n",
              "      <td>0.417626</td>\n",
              "      <td>0.064100</td>\n",
              "      <td>0.245669</td>\n",
              "      <td>0.559041</td>\n",
              "      <td>0.191531</td>\n",
              "      <td>0.254641</td>\n",
              "      <td>0.274893</td>\n",
              "      <td>0.288768</td>\n",
              "    </tr>\n",
              "    <tr>\n",
              "      <th>9</th>\n",
              "      <td>0.630218</td>\n",
              "      <td>0.838097</td>\n",
              "      <td>0.680013</td>\n",
              "      <td>0.731895</td>\n",
              "      <td>0.526737</td>\n",
              "      <td>0.348429</td>\n",
              "      <td>0.273047</td>\n",
              "      <td>0.625898</td>\n",
              "    </tr>\n",
              "    <tr>\n",
              "      <th>10</th>\n",
              "      <td>0.942451</td>\n",
              "      <td>0.377440</td>\n",
              "      <td>0.486122</td>\n",
              "      <td>0.228791</td>\n",
              "      <td>0.082632</td>\n",
              "      <td>0.711958</td>\n",
              "      <td>0.268400</td>\n",
              "      <td>0.471566</td>\n",
              "    </tr>\n",
              "    <tr>\n",
              "      <th>11</th>\n",
              "      <td>0.722615</td>\n",
              "      <td>0.011813</td>\n",
              "      <td>0.063646</td>\n",
              "      <td>0.165173</td>\n",
              "      <td>0.079244</td>\n",
              "      <td>0.359952</td>\n",
              "      <td>0.206310</td>\n",
              "      <td>0.233740</td>\n",
              "    </tr>\n",
              "    <tr>\n",
              "      <th>12</th>\n",
              "      <td>0.686853</td>\n",
              "      <td>0.041017</td>\n",
              "      <td>0.007573</td>\n",
              "      <td>0.285009</td>\n",
              "      <td>0.691568</td>\n",
              "      <td>0.655543</td>\n",
              "      <td>0.100507</td>\n",
              "      <td>0.394594</td>\n",
              "    </tr>\n",
              "    <tr>\n",
              "      <th>13</th>\n",
              "      <td>0.476823</td>\n",
              "      <td>0.340942</td>\n",
              "      <td>0.014335</td>\n",
              "      <td>0.880140</td>\n",
              "      <td>0.998655</td>\n",
              "      <td>0.079664</td>\n",
              "      <td>0.095411</td>\n",
              "      <td>0.465093</td>\n",
              "    </tr>\n",
              "    <tr>\n",
              "      <th>14</th>\n",
              "      <td>0.195252</td>\n",
              "      <td>0.079227</td>\n",
              "      <td>0.554580</td>\n",
              "      <td>0.170567</td>\n",
              "      <td>0.014944</td>\n",
              "      <td>0.107032</td>\n",
              "      <td>0.092645</td>\n",
              "      <td>0.186934</td>\n",
              "    </tr>\n",
              "    <tr>\n",
              "      <th>15</th>\n",
              "      <td>0.764919</td>\n",
              "      <td>0.255883</td>\n",
              "      <td>0.609084</td>\n",
              "      <td>0.218079</td>\n",
              "      <td>0.322943</td>\n",
              "      <td>0.095794</td>\n",
              "      <td>0.083747</td>\n",
              "      <td>0.377784</td>\n",
              "    </tr>\n",
              "    <tr>\n",
              "      <th>16</th>\n",
              "      <td>0.528497</td>\n",
              "      <td>0.457424</td>\n",
              "      <td>0.360096</td>\n",
              "      <td>0.362046</td>\n",
              "      <td>0.816891</td>\n",
              "      <td>0.637476</td>\n",
              "      <td>0.073516</td>\n",
              "      <td>0.527072</td>\n",
              "    </tr>\n",
              "    <tr>\n",
              "      <th>17</th>\n",
              "      <td>0.726286</td>\n",
              "      <td>0.464896</td>\n",
              "      <td>0.924571</td>\n",
              "      <td>0.807245</td>\n",
              "      <td>0.635438</td>\n",
              "      <td>0.143418</td>\n",
              "      <td>0.066763</td>\n",
              "      <td>0.616976</td>\n",
              "    </tr>\n",
              "    <tr>\n",
              "      <th>18</th>\n",
              "      <td>0.118867</td>\n",
              "      <td>0.615055</td>\n",
              "      <td>0.905816</td>\n",
              "      <td>0.855300</td>\n",
              "      <td>0.413631</td>\n",
              "      <td>0.585236</td>\n",
              "      <td>0.061424</td>\n",
              "      <td>0.582318</td>\n",
              "    </tr>\n",
              "    <tr>\n",
              "      <th>19</th>\n",
              "      <td>0.319810</td>\n",
              "      <td>0.520098</td>\n",
              "      <td>0.290678</td>\n",
              "      <td>0.876707</td>\n",
              "      <td>0.495035</td>\n",
              "      <td>0.619082</td>\n",
              "      <td>0.042118</td>\n",
              "      <td>0.520235</td>\n",
              "    </tr>\n",
              "    <tr>\n",
              "      <th>20</th>\n",
              "      <td>0.800000</td>\n",
              "      <td>0.800000</td>\n",
              "      <td>0.800000</td>\n",
              "      <td>0.830000</td>\n",
              "      <td>0.450000</td>\n",
              "      <td>0.700000</td>\n",
              "      <td>0.034500</td>\n",
              "      <td>0.730000</td>\n",
              "    </tr>\n",
              "    <tr>\n",
              "      <th>21</th>\n",
              "      <td>0.789943</td>\n",
              "      <td>0.195545</td>\n",
              "      <td>0.575623</td>\n",
              "      <td>0.073659</td>\n",
              "      <td>0.259049</td>\n",
              "      <td>0.051100</td>\n",
              "      <td>0.033565</td>\n",
              "      <td>0.324153</td>\n",
              "    </tr>\n",
              "    <tr>\n",
              "      <th>22</th>\n",
              "      <td>0.806282</td>\n",
              "      <td>0.324122</td>\n",
              "      <td>0.726076</td>\n",
              "      <td>0.148712</td>\n",
              "      <td>0.719376</td>\n",
              "      <td>0.362884</td>\n",
              "      <td>0.021343</td>\n",
              "      <td>0.514575</td>\n",
              "    </tr>\n",
              "    <tr>\n",
              "      <th>23</th>\n",
              "      <td>0.541241</td>\n",
              "      <td>0.631403</td>\n",
              "      <td>0.031902</td>\n",
              "      <td>0.449982</td>\n",
              "      <td>0.798653</td>\n",
              "      <td>0.633704</td>\n",
              "      <td>0.018209</td>\n",
              "      <td>0.514481</td>\n",
              "    </tr>\n",
              "    <tr>\n",
              "      <th>24</th>\n",
              "      <td>0.642303</td>\n",
              "      <td>0.836875</td>\n",
              "      <td>0.021793</td>\n",
              "      <td>0.101488</td>\n",
              "      <td>0.683071</td>\n",
              "      <td>0.692416</td>\n",
              "      <td>0.017870</td>\n",
              "      <td>0.496324</td>\n",
              "    </tr>\n",
              "    <tr>\n",
              "      <th>25</th>\n",
              "      <td>0.817112</td>\n",
              "      <td>0.548168</td>\n",
              "      <td>0.103348</td>\n",
              "      <td>0.124370</td>\n",
              "      <td>0.728235</td>\n",
              "      <td>0.449674</td>\n",
              "      <td>0.014798</td>\n",
              "      <td>0.461818</td>\n",
              "    </tr>\n",
              "    <tr>\n",
              "      <th>26</th>\n",
              "      <td>0.075665</td>\n",
              "      <td>0.334502</td>\n",
              "      <td>0.132733</td>\n",
              "      <td>0.608312</td>\n",
              "      <td>0.918386</td>\n",
              "      <td>0.822331</td>\n",
              "      <td>0.008826</td>\n",
              "      <td>0.481988</td>\n",
              "    </tr>\n",
              "    <tr>\n",
              "      <th>27</th>\n",
              "      <td>0.090832</td>\n",
              "      <td>0.661529</td>\n",
              "      <td>0.065931</td>\n",
              "      <td>0.258577</td>\n",
              "      <td>0.963453</td>\n",
              "      <td>0.640265</td>\n",
              "      <td>0.007503</td>\n",
              "      <td>0.446765</td>\n",
              "    </tr>\n",
              "    <tr>\n",
              "      <th>28</th>\n",
              "      <td>0.226348</td>\n",
              "      <td>0.115026</td>\n",
              "      <td>0.824750</td>\n",
              "      <td>0.945384</td>\n",
              "      <td>0.905312</td>\n",
              "      <td>0.951014</td>\n",
              "      <td>0.007016</td>\n",
              "      <td>0.661305</td>\n",
              "    </tr>\n",
              "    <tr>\n",
              "      <th>29</th>\n",
              "      <td>0.932466</td>\n",
              "      <td>0.488812</td>\n",
              "      <td>0.258608</td>\n",
              "      <td>0.956243</td>\n",
              "      <td>0.190428</td>\n",
              "      <td>0.519852</td>\n",
              "      <td>0.003777</td>\n",
              "      <td>0.557735</td>\n",
              "    </tr>\n",
              "    <tr>\n",
              "      <th>30</th>\n",
              "      <td>0.846867</td>\n",
              "      <td>0.142429</td>\n",
              "      <td>0.060669</td>\n",
              "      <td>0.756292</td>\n",
              "      <td>0.552398</td>\n",
              "      <td>0.081306</td>\n",
              "      <td>0.003134</td>\n",
              "      <td>0.406660</td>\n",
              "    </tr>\n",
              "    <tr>\n",
              "      <th>31</th>\n",
              "      <td>0.879871</td>\n",
              "      <td>0.397962</td>\n",
              "      <td>0.003635</td>\n",
              "      <td>0.956991</td>\n",
              "      <td>0.264514</td>\n",
              "      <td>0.114869</td>\n",
              "      <td>0.002701</td>\n",
              "      <td>0.436307</td>\n",
              "    </tr>\n",
              "  </tbody>\n",
              "</table>\n",
              "</div>"
            ],
            "text/plain": [
              "          x1        x2        x3        x4        x5        x6         y  \\\n",
              "0   0.057896  0.491672  0.247422  0.218118  0.420428  0.730970  1.364968   \n",
              "1   0.100000  0.100000  0.950000  0.200000  0.360000  0.800000  1.313800   \n",
              "2   0.881647  0.204450  0.414474  0.420385  0.264915  0.730660  0.675142   \n",
              "3   0.148647  0.033943  0.728806  0.316066  0.021769  0.516918  0.611526   \n",
              "4   0.272624  0.324495  0.897109  0.832951  0.154063  0.795864  0.604433   \n",
              "5   0.543003  0.924694  0.341567  0.646486  0.718440  0.343133  0.562753   \n",
              "6   0.066611  0.528045  0.816095  0.961017  0.086509  0.777788  0.516457   \n",
              "7   0.175978  0.624416  0.295542  0.469553  0.097770  0.728141  0.475396   \n",
              "8   0.417626  0.064100  0.245669  0.559041  0.191531  0.254641  0.274893   \n",
              "9   0.630218  0.838097  0.680013  0.731895  0.526737  0.348429  0.273047   \n",
              "10  0.942451  0.377440  0.486122  0.228791  0.082632  0.711958  0.268400   \n",
              "11  0.722615  0.011813  0.063646  0.165173  0.079244  0.359952  0.206310   \n",
              "12  0.686853  0.041017  0.007573  0.285009  0.691568  0.655543  0.100507   \n",
              "13  0.476823  0.340942  0.014335  0.880140  0.998655  0.079664  0.095411   \n",
              "14  0.195252  0.079227  0.554580  0.170567  0.014944  0.107032  0.092645   \n",
              "15  0.764919  0.255883  0.609084  0.218079  0.322943  0.095794  0.083747   \n",
              "16  0.528497  0.457424  0.360096  0.362046  0.816891  0.637476  0.073516   \n",
              "17  0.726286  0.464896  0.924571  0.807245  0.635438  0.143418  0.066763   \n",
              "18  0.118867  0.615055  0.905816  0.855300  0.413631  0.585236  0.061424   \n",
              "19  0.319810  0.520098  0.290678  0.876707  0.495035  0.619082  0.042118   \n",
              "20  0.800000  0.800000  0.800000  0.830000  0.450000  0.700000  0.034500   \n",
              "21  0.789943  0.195545  0.575623  0.073659  0.259049  0.051100  0.033565   \n",
              "22  0.806282  0.324122  0.726076  0.148712  0.719376  0.362884  0.021343   \n",
              "23  0.541241  0.631403  0.031902  0.449982  0.798653  0.633704  0.018209   \n",
              "24  0.642303  0.836875  0.021793  0.101488  0.683071  0.692416  0.017870   \n",
              "25  0.817112  0.548168  0.103348  0.124370  0.728235  0.449674  0.014798   \n",
              "26  0.075665  0.334502  0.132733  0.608312  0.918386  0.822331  0.008826   \n",
              "27  0.090832  0.661529  0.065931  0.258577  0.963453  0.640265  0.007503   \n",
              "28  0.226348  0.115026  0.824750  0.945384  0.905312  0.951014  0.007016   \n",
              "29  0.932466  0.488812  0.258608  0.956243  0.190428  0.519852  0.003777   \n",
              "30  0.846867  0.142429  0.060669  0.756292  0.552398  0.081306  0.003134   \n",
              "31  0.879871  0.397962  0.003635  0.956991  0.264514  0.114869  0.002701   \n",
              "\n",
              "       x_avg  \n",
              "0   0.361084  \n",
              "1   0.418333  \n",
              "2   0.486089  \n",
              "3   0.294358  \n",
              "4   0.546184  \n",
              "5   0.586220  \n",
              "6   0.539344  \n",
              "7   0.398567  \n",
              "8   0.288768  \n",
              "9   0.625898  \n",
              "10  0.471566  \n",
              "11  0.233740  \n",
              "12  0.394594  \n",
              "13  0.465093  \n",
              "14  0.186934  \n",
              "15  0.377784  \n",
              "16  0.527072  \n",
              "17  0.616976  \n",
              "18  0.582318  \n",
              "19  0.520235  \n",
              "20  0.730000  \n",
              "21  0.324153  \n",
              "22  0.514575  \n",
              "23  0.514481  \n",
              "24  0.496324  \n",
              "25  0.461818  \n",
              "26  0.481988  \n",
              "27  0.446765  \n",
              "28  0.661305  \n",
              "29  0.557735  \n",
              "30  0.406660  \n",
              "31  0.436307  "
            ]
          },
          "metadata": {},
          "output_type": "display_data"
        }
      ],
      "source": [
        "from pathlib import Path\n",
        "import numpy as np, pandas as pd, seaborn as sns, matplotlib.pyplot as plt\n",
        "sns.set_theme(style=\"ticks\", context=\"notebook\")\n",
        "path = Path(\"../../initial_data/function_7\")\n",
        "X = np.load(path / \"initial_inputs.npy\")\n",
        "y = np.load(path / \"initial_outputs.npy\")\n",
        "\n",
        "# Week 1 and Week 2 new points\n",
        "X_new_point_week_1 = np.array([[0.800000, 0.800000, 0.800000, 0.830000, 0.450000, 0.700000]])\n",
        "y_new_point_week_1 = np.array([0.0344995016351187])\n",
        "X_new_point_week_2 = np.array([[0.100000, 0.100000, 0.950000, 0.200000, 0.360000, 0.800000]])\n",
        "y_new_point_week_2 = np.array([1.3138004996124066])\n",
        "\n",
        "X = np.vstack([X, X_new_point_week_1, X_new_point_week_2])\n",
        "y = np.concatenate([y, y_new_point_week_1, y_new_point_week_2])\n",
        "\n",
        "df = pd.DataFrame(X, columns=[\"x1\", \"x2\", \"x3\", \"x4\", \"x5\", \"x6\"]); df[\"y\"] = y\n",
        "display(df)\n",
        "print(\"df sorted by y\")\n",
        "df_sorted = df.sort_values(\"y\", ascending=False).reset_index(drop=True)\n",
        "df_sorted[\"x_avg\"] = df_sorted[[\"x1\", \"x2\", \"x3\", \"x4\", \"x5\", \"x6\"]].mean(axis=1)\n",
        "display(df_sorted)\n"
      ]
    },
    {
      "cell_type": "markdown",
      "metadata": {},
      "source": [
        "### Week 2 Result: Second Highest Point\n",
        "\n",
